/*--------------------------------*- C++ -*----------------------------------*\
| =========                 |                                                 |
| \\      /  F ield         | OpenFOAM: The Open Source CFD Toolbox           |
|  \\    /   O peration     | Version:  v2012                                 |
|   \\  /    A nd           | Website:  www.openfoam.com                      |
|    \\/     M anipulation  |                                                 |
\*---------------------------------------------------------------------------*/
FoamFile
{
    version     2.0;
    format      ascii;
    class       labelList;
    note        "nPoints:5166  nCells:4000  nFaces:13100  nInternalFaces:10900";
    location    "constant/polyMesh";
    object      neighbour;
}
// * * * * * * * * * * * * * * * * * * * * * * * * * * * * * * * * * * * * * //


10900
(
1
10
400
2
11
401
3
12
402
4
13
403
5
14
404
6
15
405
7
16
406
8
17
407
9
18
408
19
409
2000
11
20
410
12
21
411
13
22
412
14
23
413
15
24
414
16
25
415
17
26
416
18
27
417
19
28
418
29
419
2010
21
30
420
22
31
421
23
32
422
24
33
423
25
34
424
26
35
425
27
36
426
28
37
427
29
38
428
39
429
2020
31
40
430
32
41
431
33
42
432
34
43
433
35
44
434
36
45
435
37
46
436
38
47
437
39
48
438
49
439
2030
41
50
440
42
51
441
43
52
442
44
53
443
45
54
444
46
55
445
47
56
446
48
57
447
49
58
448
59
449
2040
51
60
450
52
61
451
53
62
452
54
63
453
55
64
454
56
65
455
57
66
456
58
67
457
59
68
458
69
459
2050
61
70
460
62
71
461
63
72
462
64
73
463
65
74
464
66
75
465
67
76
466
68
77
467
69
78
468
79
469
2060
71
80
470
72
81
471
73
82
472
74
83
473
75
84
474
76
85
475
77
86
476
78
87
477
79
88
478
89
479
2070
81
90
480
82
91
481
83
92
482
84
93
483
85
94
484
86
95
485
87
96
486
88
97
487
89
98
488
99
489
2080
91
100
490
92
101
491
93
102
492
94
103
493
95
104
494
96
105
495
97
106
496
98
107
497
99
108
498
109
499
2090
101
110
500
102
111
501
103
112
502
104
113
503
105
114
504
106
115
505
107
116
506
108
117
507
109
118
508
119
509
2100
111
120
510
112
121
511
113
122
512
114
123
513
115
124
514
116
125
515
117
126
516
118
127
517
119
128
518
129
519
2110
121
130
520
122
131
521
123
132
522
124
133
523
125
134
524
126
135
525
127
136
526
128
137
527
129
138
528
139
529
2120
131
140
530
132
141
531
133
142
532
134
143
533
135
144
534
136
145
535
137
146
536
138
147
537
139
148
538
149
539
2130
141
150
540
142
151
541
143
152
542
144
153
543
145
154
544
146
155
545
147
156
546
148
157
547
149
158
548
159
549
2140
151
160
550
152
161
551
153
162
552
154
163
553
155
164
554
156
165
555
157
166
556
158
167
557
159
168
558
169
559
2150
161
170
560
162
171
561
163
172
562
164
173
563
165
174
564
166
175
565
167
176
566
168
177
567
169
178
568
179
569
2160
171
180
570
172
181
571
173
182
572
174
183
573
175
184
574
176
185
575
177
186
576
178
187
577
179
188
578
189
579
2170
181
190
580
182
191
581
183
192
582
184
193
583
185
194
584
186
195
585
187
196
586
188
197
587
189
198
588
199
589
2180
191
200
590
192
201
591
193
202
592
194
203
593
195
204
594
196
205
595
197
206
596
198
207
597
199
208
598
209
599
2190
201
210
600
202
211
601
203
212
602
204
213
603
205
214
604
206
215
605
207
216
606
208
217
607
209
218
608
219
609
2200
211
220
610
212
221
611
213
222
612
214
223
613
215
224
614
216
225
615
217
226
616
218
227
617
219
228
618
229
619
2210
221
230
620
222
231
621
223
232
622
224
233
623
225
234
624
226
235
625
227
236
626
228
237
627
229
238
628
239
629
2220
231
240
630
232
241
631
233
242
632
234
243
633
235
244
634
236
245
635
237
246
636
238
247
637
239
248
638
249
639
2230
241
250
640
242
251
641
243
252
642
244
253
643
245
254
644
246
255
645
247
256
646
248
257
647
249
258
648
259
649
2240
251
260
650
252
261
651
253
262
652
254
263
653
255
264
654
256
265
655
257
266
656
258
267
657
259
268
658
269
659
2250
261
270
660
262
271
661
263
272
662
264
273
663
265
274
664
266
275
665
267
276
666
268
277
667
269
278
668
279
669
2260
271
280
670
272
281
671
273
282
672
274
283
673
275
284
674
276
285
675
277
286
676
278
287
677
279
288
678
289
679
2270
281
290
680
282
291
681
283
292
682
284
293
683
285
294
684
286
295
685
287
296
686
288
297
687
289
298
688
299
689
2280
291
300
690
292
301
691
293
302
692
294
303
693
295
304
694
296
305
695
297
306
696
298
307
697
299
308
698
309
699
2290
301
310
700
302
311
701
303
312
702
304
313
703
305
314
704
306
315
705
307
316
706
308
317
707
309
318
708
319
709
2300
311
320
710
312
321
711
313
322
712
314
323
713
315
324
714
316
325
715
317
326
716
318
327
717
319
328
718
329
719
2310
321
330
720
322
331
721
323
332
722
324
333
723
325
334
724
326
335
725
327
336
726
328
337
727
329
338
728
339
729
2320
331
340
730
332
341
731
333
342
732
334
343
733
335
344
734
336
345
735
337
346
736
338
347
737
339
348
738
349
739
2330
341
350
740
342
351
741
343
352
742
344
353
743
345
354
744
346
355
745
347
356
746
348
357
747
349
358
748
359
749
2340
351
360
750
352
361
751
353
362
752
354
363
753
355
364
754
356
365
755
357
366
756
358
367
757
359
368
758
369
759
2350
361
370
760
362
371
761
363
372
762
364
373
763
365
374
764
366
375
765
367
376
766
368
377
767
369
378
768
379
769
2360
371
380
770
372
381
771
373
382
772
374
383
773
375
384
774
376
385
775
377
386
776
378
387
777
379
388
778
389
779
2370
381
390
780
382
391
781
383
392
782
384
393
783
385
394
784
386
395
785
387
396
786
388
397
787
389
398
788
399
789
2380
391
790
392
791
393
792
394
793
395
794
396
795
397
796
398
797
399
798
799
2390
401
410
800
402
411
801
403
412
802
404
413
803
405
414
804
406
415
805
407
416
806
408
417
807
409
418
808
419
809
2400
411
420
810
412
421
811
413
422
812
414
423
813
415
424
814
416
425
815
417
426
816
418
427
817
419
428
818
429
819
2410
421
430
820
422
431
821
423
432
822
424
433
823
425
434
824
426
435
825
427
436
826
428
437
827
429
438
828
439
829
2420
431
440
830
432
441
831
433
442
832
434
443
833
435
444
834
436
445
835
437
446
836
438
447
837
439
448
838
449
839
2430
441
450
840
442
451
841
443
452
842
444
453
843
445
454
844
446
455
845
447
456
846
448
457
847
449
458
848
459
849
2440
451
460
850
452
461
851
453
462
852
454
463
853
455
464
854
456
465
855
457
466
856
458
467
857
459
468
858
469
859
2450
461
470
860
462
471
861
463
472
862
464
473
863
465
474
864
466
475
865
467
476
866
468
477
867
469
478
868
479
869
2460
471
480
870
472
481
871
473
482
872
474
483
873
475
484
874
476
485
875
477
486
876
478
487
877
479
488
878
489
879
2470
481
490
880
482
491
881
483
492
882
484
493
883
485
494
884
486
495
885
487
496
886
488
497
887
489
498
888
499
889
2480
491
500
890
492
501
891
493
502
892
494
503
893
495
504
894
496
505
895
497
506
896
498
507
897
499
508
898
509
899
2490
501
510
900
502
511
901
503
512
902
504
513
903
505
514
904
506
515
905
507
516
906
508
517
907
509
518
908
519
909
2500
511
520
910
512
521
911
513
522
912
514
523
913
515
524
914
516
525
915
517
526
916
518
527
917
519
528
918
529
919
2510
521
530
920
522
531
921
523
532
922
524
533
923
525
534
924
526
535
925
527
536
926
528
537
927
529
538
928
539
929
2520
531
540
930
532
541
931
533
542
932
534
543
933
535
544
934
536
545
935
537
546
936
538
547
937
539
548
938
549
939
2530
541
550
940
542
551
941
543
552
942
544
553
943
545
554
944
546
555
945
547
556
946
548
557
947
549
558
948
559
949
2540
551
560
950
552
561
951
553
562
952
554
563
953
555
564
954
556
565
955
557
566
956
558
567
957
559
568
958
569
959
2550
561
570
960
562
571
961
563
572
962
564
573
963
565
574
964
566
575
965
567
576
966
568
577
967
569
578
968
579
969
2560
571
580
970
572
581
971
573
582
972
574
583
973
575
584
974
576
585
975
577
586
976
578
587
977
579
588
978
589
979
2570
581
590
980
582
591
981
583
592
982
584
593
983
585
594
984
586
595
985
587
596
986
588
597
987
589
598
988
599
989
2580
591
600
990
592
601
991
593
602
992
594
603
993
595
604
994
596
605
995
597
606
996
598
607
997
599
608
998
609
999
2590
601
610
1000
602
611
1001
603
612
1002
604
613
1003
605
614
1004
606
615
1005
607
616
1006
608
617
1007
609
618
1008
619
1009
2600
611
620
1010
612
621
1011
613
622
1012
614
623
1013
615
624
1014
616
625
1015
617
626
1016
618
627
1017
619
628
1018
629
1019
2610
621
630
1020
622
631
1021
623
632
1022
624
633
1023
625
634
1024
626
635
1025
627
636
1026
628
637
1027
629
638
1028
639
1029
2620
631
640
1030
632
641
1031
633
642
1032
634
643
1033
635
644
1034
636
645
1035
637
646
1036
638
647
1037
639
648
1038
649
1039
2630
641
650
1040
642
651
1041
643
652
1042
644
653
1043
645
654
1044
646
655
1045
647
656
1046
648
657
1047
649
658
1048
659
1049
2640
651
660
1050
652
661
1051
653
662
1052
654
663
1053
655
664
1054
656
665
1055
657
666
1056
658
667
1057
659
668
1058
669
1059
2650
661
670
1060
662
671
1061
663
672
1062
664
673
1063
665
674
1064
666
675
1065
667
676
1066
668
677
1067
669
678
1068
679
1069
2660
671
680
1070
672
681
1071
673
682
1072
674
683
1073
675
684
1074
676
685
1075
677
686
1076
678
687
1077
679
688
1078
689
1079
2670
681
690
1080
682
691
1081
683
692
1082
684
693
1083
685
694
1084
686
695
1085
687
696
1086
688
697
1087
689
698
1088
699
1089
2680
691
700
1090
692
701
1091
693
702
1092
694
703
1093
695
704
1094
696
705
1095
697
706
1096
698
707
1097
699
708
1098
709
1099
2690
701
710
1100
702
711
1101
703
712
1102
704
713
1103
705
714
1104
706
715
1105
707
716
1106
708
717
1107
709
718
1108
719
1109
2700
711
720
1110
712
721
1111
713
722
1112
714
723
1113
715
724
1114
716
725
1115
717
726
1116
718
727
1117
719
728
1118
729
1119
2710
721
730
1120
722
731
1121
723
732
1122
724
733
1123
725
734
1124
726
735
1125
727
736
1126
728
737
1127
729
738
1128
739
1129
2720
731
740
1130
732
741
1131
733
742
1132
734
743
1133
735
744
1134
736
745
1135
737
746
1136
738
747
1137
739
748
1138
749
1139
2730
741
750
1140
742
751
1141
743
752
1142
744
753
1143
745
754
1144
746
755
1145
747
756
1146
748
757
1147
749
758
1148
759
1149
2740
751
760
1150
752
761
1151
753
762
1152
754
763
1153
755
764
1154
756
765
1155
757
766
1156
758
767
1157
759
768
1158
769
1159
2750
761
770
1160
762
771
1161
763
772
1162
764
773
1163
765
774
1164
766
775
1165
767
776
1166
768
777
1167
769
778
1168
779
1169
2760
771
780
1170
772
781
1171
773
782
1172
774
783
1173
775
784
1174
776
785
1175
777
786
1176
778
787
1177
779
788
1178
789
1179
2770
781
790
1180
782
791
1181
783
792
1182
784
793
1183
785
794
1184
786
795
1185
787
796
1186
788
797
1187
789
798
1188
799
1189
2780
791
1190
792
1191
793
1192
794
1193
795
1194
796
1195
797
1196
798
1197
799
1198
1199
2790
801
810
1200
802
811
1201
803
812
1202
804
813
1203
805
814
1204
806
815
1205
807
816
1206
808
817
1207
809
818
1208
819
1209
2800
811
820
1210
812
821
1211
813
822
1212
814
823
1213
815
824
1214
816
825
1215
817
826
1216
818
827
1217
819
828
1218
829
1219
2810
821
830
1220
822
831
1221
823
832
1222
824
833
1223
825
834
1224
826
835
1225
827
836
1226
828
837
1227
829
838
1228
839
1229
2820
831
840
1230
832
841
1231
833
842
1232
834
843
1233
835
844
1234
836
845
1235
837
846
1236
838
847
1237
839
848
1238
849
1239
2830
841
850
1240
842
851
1241
843
852
1242
844
853
1243
845
854
1244
846
855
1245
847
856
1246
848
857
1247
849
858
1248
859
1249
2840
851
860
1250
852
861
1251
853
862
1252
854
863
1253
855
864
1254
856
865
1255
857
866
1256
858
867
1257
859
868
1258
869
1259
2850
861
870
1260
862
871
1261
863
872
1262
864
873
1263
865
874
1264
866
875
1265
867
876
1266
868
877
1267
869
878
1268
879
1269
2860
871
880
1270
872
881
1271
873
882
1272
874
883
1273
875
884
1274
876
885
1275
877
886
1276
878
887
1277
879
888
1278
889
1279
2870
881
890
1280
882
891
1281
883
892
1282
884
893
1283
885
894
1284
886
895
1285
887
896
1286
888
897
1287
889
898
1288
899
1289
2880
891
900
1290
892
901
1291
893
902
1292
894
903
1293
895
904
1294
896
905
1295
897
906
1296
898
907
1297
899
908
1298
909
1299
2890
901
910
1300
902
911
1301
903
912
1302
904
913
1303
905
914
1304
906
915
1305
907
916
1306
908
917
1307
909
918
1308
919
1309
2900
911
920
1310
912
921
1311
913
922
1312
914
923
1313
915
924
1314
916
925
1315
917
926
1316
918
927
1317
919
928
1318
929
1319
2910
921
930
1320
922
931
1321
923
932
1322
924
933
1323
925
934
1324
926
935
1325
927
936
1326
928
937
1327
929
938
1328
939
1329
2920
931
940
1330
932
941
1331
933
942
1332
934
943
1333
935
944
1334
936
945
1335
937
946
1336
938
947
1337
939
948
1338
949
1339
2930
941
950
1340
942
951
1341
943
952
1342
944
953
1343
945
954
1344
946
955
1345
947
956
1346
948
957
1347
949
958
1348
959
1349
2940
951
960
1350
952
961
1351
953
962
1352
954
963
1353
955
964
1354
956
965
1355
957
966
1356
958
967
1357
959
968
1358
969
1359
2950
961
970
1360
962
971
1361
963
972
1362
964
973
1363
965
974
1364
966
975
1365
967
976
1366
968
977
1367
969
978
1368
979
1369
2960
971
980
1370
972
981
1371
973
982
1372
974
983
1373
975
984
1374
976
985
1375
977
986
1376
978
987
1377
979
988
1378
989
1379
2970
981
990
1380
982
991
1381
983
992
1382
984
993
1383
985
994
1384
986
995
1385
987
996
1386
988
997
1387
989
998
1388
999
1389
2980
991
1000
1390
992
1001
1391
993
1002
1392
994
1003
1393
995
1004
1394
996
1005
1395
997
1006
1396
998
1007
1397
999
1008
1398
1009
1399
2990
1001
1010
1400
1002
1011
1401
1003
1012
1402
1004
1013
1403
1005
1014
1404
1006
1015
1405
1007
1016
1406
1008
1017
1407
1009
1018
1408
1019
1409
3000
1011
1020
1410
1012
1021
1411
1013
1022
1412
1014
1023
1413
1015
1024
1414
1016
1025
1415
1017
1026
1416
1018
1027
1417
1019
1028
1418
1029
1419
3010
1021
1030
1420
1022
1031
1421
1023
1032
1422
1024
1033
1423
1025
1034
1424
1026
1035
1425
1027
1036
1426
1028
1037
1427
1029
1038
1428
1039
1429
3020
1031
1040
1430
1032
1041
1431
1033
1042
1432
1034
1043
1433
1035
1044
1434
1036
1045
1435
1037
1046
1436
1038
1047
1437
1039
1048
1438
1049
1439
3030
1041
1050
1440
1042
1051
1441
1043
1052
1442
1044
1053
1443
1045
1054
1444
1046
1055
1445
1047
1056
1446
1048
1057
1447
1049
1058
1448
1059
1449
3040
1051
1060
1450
1052
1061
1451
1053
1062
1452
1054
1063
1453
1055
1064
1454
1056
1065
1455
1057
1066
1456
1058
1067
1457
1059
1068
1458
1069
1459
3050
1061
1070
1460
1062
1071
1461
1063
1072
1462
1064
1073
1463
1065
1074
1464
1066
1075
1465
1067
1076
1466
1068
1077
1467
1069
1078
1468
1079
1469
3060
1071
1080
1470
1072
1081
1471
1073
1082
1472
1074
1083
1473
1075
1084
1474
1076
1085
1475
1077
1086
1476
1078
1087
1477
1079
1088
1478
1089
1479
3070
1081
1090
1480
1082
1091
1481
1083
1092
1482
1084
1093
1483
1085
1094
1484
1086
1095
1485
1087
1096
1486
1088
1097
1487
1089
1098
1488
1099
1489
3080
1091
1100
1490
1092
1101
1491
1093
1102
1492
1094
1103
1493
1095
1104
1494
1096
1105
1495
1097
1106
1496
1098
1107
1497
1099
1108
1498
1109
1499
3090
1101
1110
1500
1102
1111
1501
1103
1112
1502
1104
1113
1503
1105
1114
1504
1106
1115
1505
1107
1116
1506
1108
1117
1507
1109
1118
1508
1119
1509
3100
1111
1120
1510
1112
1121
1511
1113
1122
1512
1114
1123
1513
1115
1124
1514
1116
1125
1515
1117
1126
1516
1118
1127
1517
1119
1128
1518
1129
1519
3110
1121
1130
1520
1122
1131
1521
1123
1132
1522
1124
1133
1523
1125
1134
1524
1126
1135
1525
1127
1136
1526
1128
1137
1527
1129
1138
1528
1139
1529
3120
1131
1140
1530
1132
1141
1531
1133
1142
1532
1134
1143
1533
1135
1144
1534
1136
1145
1535
1137
1146
1536
1138
1147
1537
1139
1148
1538
1149
1539
3130
1141
1150
1540
1142
1151
1541
1143
1152
1542
1144
1153
1543
1145
1154
1544
1146
1155
1545
1147
1156
1546
1148
1157
1547
1149
1158
1548
1159
1549
3140
1151
1160
1550
1152
1161
1551
1153
1162
1552
1154
1163
1553
1155
1164
1554
1156
1165
1555
1157
1166
1556
1158
1167
1557
1159
1168
1558
1169
1559
3150
1161
1170
1560
1162
1171
1561
1163
1172
1562
1164
1173
1563
1165
1174
1564
1166
1175
1565
1167
1176
1566
1168
1177
1567
1169
1178
1568
1179
1569
3160
1171
1180
1570
1172
1181
1571
1173
1182
1572
1174
1183
1573
1175
1184
1574
1176
1185
1575
1177
1186
1576
1178
1187
1577
1179
1188
1578
1189
1579
3170
1181
1190
1580
1182
1191
1581
1183
1192
1582
1184
1193
1583
1185
1194
1584
1186
1195
1585
1187
1196
1586
1188
1197
1587
1189
1198
1588
1199
1589
3180
1191
1590
1192
1591
1193
1592
1194
1593
1195
1594
1196
1595
1197
1596
1198
1597
1199
1598
1599
3190
1201
1210
1600
1202
1211
1601
1203
1212
1602
1204
1213
1603
1205
1214
1604
1206
1215
1605
1207
1216
1606
1208
1217
1607
1209
1218
1608
1219
1609
3200
1211
1220
1610
1212
1221
1611
1213
1222
1612
1214
1223
1613
1215
1224
1614
1216
1225
1615
1217
1226
1616
1218
1227
1617
1219
1228
1618
1229
1619
3210
1221
1230
1620
1222
1231
1621
1223
1232
1622
1224
1233
1623
1225
1234
1624
1226
1235
1625
1227
1236
1626
1228
1237
1627
1229
1238
1628
1239
1629
3220
1231
1240
1630
1232
1241
1631
1233
1242
1632
1234
1243
1633
1235
1244
1634
1236
1245
1635
1237
1246
1636
1238
1247
1637
1239
1248
1638
1249
1639
3230
1241
1250
1640
1242
1251
1641
1243
1252
1642
1244
1253
1643
1245
1254
1644
1246
1255
1645
1247
1256
1646
1248
1257
1647
1249
1258
1648
1259
1649
3240
1251
1260
1650
1252
1261
1651
1253
1262
1652
1254
1263
1653
1255
1264
1654
1256
1265
1655
1257
1266
1656
1258
1267
1657
1259
1268
1658
1269
1659
3250
1261
1270
1660
1262
1271
1661
1263
1272
1662
1264
1273
1663
1265
1274
1664
1266
1275
1665
1267
1276
1666
1268
1277
1667
1269
1278
1668
1279
1669
3260
1271
1280
1670
1272
1281
1671
1273
1282
1672
1274
1283
1673
1275
1284
1674
1276
1285
1675
1277
1286
1676
1278
1287
1677
1279
1288
1678
1289
1679
3270
1281
1290
1680
1282
1291
1681
1283
1292
1682
1284
1293
1683
1285
1294
1684
1286
1295
1685
1287
1296
1686
1288
1297
1687
1289
1298
1688
1299
1689
3280
1291
1300
1690
1292
1301
1691
1293
1302
1692
1294
1303
1693
1295
1304
1694
1296
1305
1695
1297
1306
1696
1298
1307
1697
1299
1308
1698
1309
1699
3290
1301
1310
1700
1302
1311
1701
1303
1312
1702
1304
1313
1703
1305
1314
1704
1306
1315
1705
1307
1316
1706
1308
1317
1707
1309
1318
1708
1319
1709
3300
1311
1320
1710
1312
1321
1711
1313
1322
1712
1314
1323
1713
1315
1324
1714
1316
1325
1715
1317
1326
1716
1318
1327
1717
1319
1328
1718
1329
1719
3310
1321
1330
1720
1322
1331
1721
1323
1332
1722
1324
1333
1723
1325
1334
1724
1326
1335
1725
1327
1336
1726
1328
1337
1727
1329
1338
1728
1339
1729
3320
1331
1340
1730
1332
1341
1731
1333
1342
1732
1334
1343
1733
1335
1344
1734
1336
1345
1735
1337
1346
1736
1338
1347
1737
1339
1348
1738
1349
1739
3330
1341
1350
1740
1342
1351
1741
1343
1352
1742
1344
1353
1743
1345
1354
1744
1346
1355
1745
1347
1356
1746
1348
1357
1747
1349
1358
1748
1359
1749
3340
1351
1360
1750
1352
1361
1751
1353
1362
1752
1354
1363
1753
1355
1364
1754
1356
1365
1755
1357
1366
1756
1358
1367
1757
1359
1368
1758
1369
1759
3350
1361
1370
1760
1362
1371
1761
1363
1372
1762
1364
1373
1763
1365
1374
1764
1366
1375
1765
1367
1376
1766
1368
1377
1767
1369
1378
1768
1379
1769
3360
1371
1380
1770
1372
1381
1771
1373
1382
1772
1374
1383
1773
1375
1384
1774
1376
1385
1775
1377
1386
1776
1378
1387
1777
1379
1388
1778
1389
1779
3370
1381
1390
1780
1382
1391
1781
1383
1392
1782
1384
1393
1783
1385
1394
1784
1386
1395
1785
1387
1396
1786
1388
1397
1787
1389
1398
1788
1399
1789
3380
1391
1400
1790
1392
1401
1791
1393
1402
1792
1394
1403
1793
1395
1404
1794
1396
1405
1795
1397
1406
1796
1398
1407
1797
1399
1408
1798
1409
1799
3390
1401
1410
1800
1402
1411
1801
1403
1412
1802
1404
1413
1803
1405
1414
1804
1406
1415
1805
1407
1416
1806
1408
1417
1807
1409
1418
1808
1419
1809
3400
1411
1420
1810
1412
1421
1811
1413
1422
1812
1414
1423
1813
1415
1424
1814
1416
1425
1815
1417
1426
1816
1418
1427
1817
1419
1428
1818
1429
1819
3410
1421
1430
1820
1422
1431
1821
1423
1432
1822
1424
1433
1823
1425
1434
1824
1426
1435
1825
1427
1436
1826
1428
1437
1827
1429
1438
1828
1439
1829
3420
1431
1440
1830
1432
1441
1831
1433
1442
1832
1434
1443
1833
1435
1444
1834
1436
1445
1835
1437
1446
1836
1438
1447
1837
1439
1448
1838
1449
1839
3430
1441
1450
1840
1442
1451
1841
1443
1452
1842
1444
1453
1843
1445
1454
1844
1446
1455
1845
1447
1456
1846
1448
1457
1847
1449
1458
1848
1459
1849
3440
1451
1460
1850
1452
1461
1851
1453
1462
1852
1454
1463
1853
1455
1464
1854
1456
1465
1855
1457
1466
1856
1458
1467
1857
1459
1468
1858
1469
1859
3450
1461
1470
1860
1462
1471
1861
1463
1472
1862
1464
1473
1863
1465
1474
1864
1466
1475
1865
1467
1476
1866
1468
1477
1867
1469
1478
1868
1479
1869
3460
1471
1480
1870
1472
1481
1871
1473
1482
1872
1474
1483
1873
1475
1484
1874
1476
1485
1875
1477
1486
1876
1478
1487
1877
1479
1488
1878
1489
1879
3470
1481
1490
1880
1482
1491
1881
1483
1492
1882
1484
1493
1883
1485
1494
1884
1486
1495
1885
1487
1496
1886
1488
1497
1887
1489
1498
1888
1499
1889
3480
1491
1500
1890
1492
1501
1891
1493
1502
1892
1494
1503
1893
1495
1504
1894
1496
1505
1895
1497
1506
1896
1498
1507
1897
1499
1508
1898
1509
1899
3490
1501
1510
1900
1502
1511
1901
1503
1512
1902
1504
1513
1903
1505
1514
1904
1506
1515
1905
1507
1516
1906
1508
1517
1907
1509
1518
1908
1519
1909
3500
1511
1520
1910
1512
1521
1911
1513
1522
1912
1514
1523
1913
1515
1524
1914
1516
1525
1915
1517
1526
1916
1518
1527
1917
1519
1528
1918
1529
1919
3510
1521
1530
1920
1522
1531
1921
1523
1532
1922
1524
1533
1923
1525
1534
1924
1526
1535
1925
1527
1536
1926
1528
1537
1927
1529
1538
1928
1539
1929
3520
1531
1540
1930
1532
1541
1931
1533
1542
1932
1534
1543
1933
1535
1544
1934
1536
1545
1935
1537
1546
1936
1538
1547
1937
1539
1548
1938
1549
1939
3530
1541
1550
1940
1542
1551
1941
1543
1552
1942
1544
1553
1943
1545
1554
1944
1546
1555
1945
1547
1556
1946
1548
1557
1947
1549
1558
1948
1559
1949
3540
1551
1560
1950
1552
1561
1951
1553
1562
1952
1554
1563
1953
1555
1564
1954
1556
1565
1955
1557
1566
1956
1558
1567
1957
1559
1568
1958
1569
1959
3550
1561
1570
1960
1562
1571
1961
1563
1572
1962
1564
1573
1963
1565
1574
1964
1566
1575
1965
1567
1576
1966
1568
1577
1967
1569
1578
1968
1579
1969
3560
1571
1580
1970
1572
1581
1971
1573
1582
1972
1574
1583
1973
1575
1584
1974
1576
1585
1975
1577
1586
1976
1578
1587
1977
1579
1588
1978
1589
1979
3570
1581
1590
1980
1582
1591
1981
1583
1592
1982
1584
1593
1983
1585
1594
1984
1586
1595
1985
1587
1596
1986
1588
1597
1987
1589
1598
1988
1599
1989
3580
1591
1990
1592
1991
1593
1992
1594
1993
1595
1994
1596
1995
1597
1996
1598
1997
1599
1998
1999
3590
1601
1610
1602
1611
1603
1612
1604
1613
1605
1614
1606
1615
1607
1616
1608
1617
1609
1618
1619
3600
1611
1620
1612
1621
1613
1622
1614
1623
1615
1624
1616
1625
1617
1626
1618
1627
1619
1628
1629
3610
1621
1630
1622
1631
1623
1632
1624
1633
1625
1634
1626
1635
1627
1636
1628
1637
1629
1638
1639
3620
1631
1640
1632
1641
1633
1642
1634
1643
1635
1644
1636
1645
1637
1646
1638
1647
1639
1648
1649
3630
1641
1650
1642
1651
1643
1652
1644
1653
1645
1654
1646
1655
1647
1656
1648
1657
1649
1658
1659
3640
1651
1660
1652
1661
1653
1662
1654
1663
1655
1664
1656
1665
1657
1666
1658
1667
1659
1668
1669
3650
1661
1670
1662
1671
1663
1672
1664
1673
1665
1674
1666
1675
1667
1676
1668
1677
1669
1678
1679
3660
1671
1680
1672
1681
1673
1682
1674
1683
1675
1684
1676
1685
1677
1686
1678
1687
1679
1688
1689
3670
1681
1690
1682
1691
1683
1692
1684
1693
1685
1694
1686
1695
1687
1696
1688
1697
1689
1698
1699
3680
1691
1700
1692
1701
1693
1702
1694
1703
1695
1704
1696
1705
1697
1706
1698
1707
1699
1708
1709
3690
1701
1710
1702
1711
1703
1712
1704
1713
1705
1714
1706
1715
1707
1716
1708
1717
1709
1718
1719
3700
1711
1720
1712
1721
1713
1722
1714
1723
1715
1724
1716
1725
1717
1726
1718
1727
1719
1728
1729
3710
1721
1730
1722
1731
1723
1732
1724
1733
1725
1734
1726
1735
1727
1736
1728
1737
1729
1738
1739
3720
1731
1740
1732
1741
1733
1742
1734
1743
1735
1744
1736
1745
1737
1746
1738
1747
1739
1748
1749
3730
1741
1750
1742
1751
1743
1752
1744
1753
1745
1754
1746
1755
1747
1756
1748
1757
1749
1758
1759
3740
1751
1760
1752
1761
1753
1762
1754
1763
1755
1764
1756
1765
1757
1766
1758
1767
1759
1768
1769
3750
1761
1770
1762
1771
1763
1772
1764
1773
1765
1774
1766
1775
1767
1776
1768
1777
1769
1778
1779
3760
1771
1780
1772
1781
1773
1782
1774
1783
1775
1784
1776
1785
1777
1786
1778
1787
1779
1788
1789
3770
1781
1790
1782
1791
1783
1792
1784
1793
1785
1794
1786
1795
1787
1796
1788
1797
1789
1798
1799
3780
1791
1800
1792
1801
1793
1802
1794
1803
1795
1804
1796
1805
1797
1806
1798
1807
1799
1808
1809
3790
1801
1810
1802
1811
1803
1812
1804
1813
1805
1814
1806
1815
1807
1816
1808
1817
1809
1818
1819
3800
1811
1820
1812
1821
1813
1822
1814
1823
1815
1824
1816
1825
1817
1826
1818
1827
1819
1828
1829
3810
1821
1830
1822
1831
1823
1832
1824
1833
1825
1834
1826
1835
1827
1836
1828
1837
1829
1838
1839
3820
1831
1840
1832
1841
1833
1842
1834
1843
1835
1844
1836
1845
1837
1846
1838
1847
1839
1848
1849
3830
1841
1850
1842
1851
1843
1852
1844
1853
1845
1854
1846
1855
1847
1856
1848
1857
1849
1858
1859
3840
1851
1860
1852
1861
1853
1862
1854
1863
1855
1864
1856
1865
1857
1866
1858
1867
1859
1868
1869
3850
1861
1870
1862
1871
1863
1872
1864
1873
1865
1874
1866
1875
1867
1876
1868
1877
1869
1878
1879
3860
1871
1880
1872
1881
1873
1882
1874
1883
1875
1884
1876
1885
1877
1886
1878
1887
1879
1888
1889
3870
1881
1890
1882
1891
1883
1892
1884
1893
1885
1894
1886
1895
1887
1896
1888
1897
1889
1898
1899
3880
1891
1900
1892
1901
1893
1902
1894
1903
1895
1904
1896
1905
1897
1906
1898
1907
1899
1908
1909
3890
1901
1910
1902
1911
1903
1912
1904
1913
1905
1914
1906
1915
1907
1916
1908
1917
1909
1918
1919
3900
1911
1920
1912
1921
1913
1922
1914
1923
1915
1924
1916
1925
1917
1926
1918
1927
1919
1928
1929
3910
1921
1930
1922
1931
1923
1932
1924
1933
1925
1934
1926
1935
1927
1936
1928
1937
1929
1938
1939
3920
1931
1940
1932
1941
1933
1942
1934
1943
1935
1944
1936
1945
1937
1946
1938
1947
1939
1948
1949
3930
1941
1950
1942
1951
1943
1952
1944
1953
1945
1954
1946
1955
1947
1956
1948
1957
1949
1958
1959
3940
1951
1960
1952
1961
1953
1962
1954
1963
1955
1964
1956
1965
1957
1966
1958
1967
1959
1968
1969
3950
1961
1970
1962
1971
1963
1972
1964
1973
1965
1974
1966
1975
1967
1976
1968
1977
1969
1978
1979
3960
1971
1980
1972
1981
1973
1982
1974
1983
1975
1984
1976
1985
1977
1986
1978
1987
1979
1988
1989
3970
1981
1990
1982
1991
1983
1992
1984
1993
1985
1994
1986
1995
1987
1996
1988
1997
1989
1998
1999
3980
1991
1992
1993
1994
1995
1996
1997
1998
1999
3990
2001
2010
2400
2002
2011
2401
2003
2012
2402
2004
2013
2403
2005
2014
2404
2006
2015
2405
2007
2016
2406
2008
2017
2407
2009
2018
2408
2019
2409
2011
2020
2410
2012
2021
2411
2013
2022
2412
2014
2023
2413
2015
2024
2414
2016
2025
2415
2017
2026
2416
2018
2027
2417
2019
2028
2418
2029
2419
2021
2030
2420
2022
2031
2421
2023
2032
2422
2024
2033
2423
2025
2034
2424
2026
2035
2425
2027
2036
2426
2028
2037
2427
2029
2038
2428
2039
2429
2031
2040
2430
2032
2041
2431
2033
2042
2432
2034
2043
2433
2035
2044
2434
2036
2045
2435
2037
2046
2436
2038
2047
2437
2039
2048
2438
2049
2439
2041
2050
2440
2042
2051
2441
2043
2052
2442
2044
2053
2443
2045
2054
2444
2046
2055
2445
2047
2056
2446
2048
2057
2447
2049
2058
2448
2059
2449
2051
2060
2450
2052
2061
2451
2053
2062
2452
2054
2063
2453
2055
2064
2454
2056
2065
2455
2057
2066
2456
2058
2067
2457
2059
2068
2458
2069
2459
2061
2070
2460
2062
2071
2461
2063
2072
2462
2064
2073
2463
2065
2074
2464
2066
2075
2465
2067
2076
2466
2068
2077
2467
2069
2078
2468
2079
2469
2071
2080
2470
2072
2081
2471
2073
2082
2472
2074
2083
2473
2075
2084
2474
2076
2085
2475
2077
2086
2476
2078
2087
2477
2079
2088
2478
2089
2479
2081
2090
2480
2082
2091
2481
2083
2092
2482
2084
2093
2483
2085
2094
2484
2086
2095
2485
2087
2096
2486
2088
2097
2487
2089
2098
2488
2099
2489
2091
2100
2490
2092
2101
2491
2093
2102
2492
2094
2103
2493
2095
2104
2494
2096
2105
2495
2097
2106
2496
2098
2107
2497
2099
2108
2498
2109
2499
2101
2110
2500
2102
2111
2501
2103
2112
2502
2104
2113
2503
2105
2114
2504
2106
2115
2505
2107
2116
2506
2108
2117
2507
2109
2118
2508
2119
2509
2111
2120
2510
2112
2121
2511
2113
2122
2512
2114
2123
2513
2115
2124
2514
2116
2125
2515
2117
2126
2516
2118
2127
2517
2119
2128
2518
2129
2519
2121
2130
2520
2122
2131
2521
2123
2132
2522
2124
2133
2523
2125
2134
2524
2126
2135
2525
2127
2136
2526
2128
2137
2527
2129
2138
2528
2139
2529
2131
2140
2530
2132
2141
2531
2133
2142
2532
2134
2143
2533
2135
2144
2534
2136
2145
2535
2137
2146
2536
2138
2147
2537
2139
2148
2538
2149
2539
2141
2150
2540
2142
2151
2541
2143
2152
2542
2144
2153
2543
2145
2154
2544
2146
2155
2545
2147
2156
2546
2148
2157
2547
2149
2158
2548
2159
2549
2151
2160
2550
2152
2161
2551
2153
2162
2552
2154
2163
2553
2155
2164
2554
2156
2165
2555
2157
2166
2556
2158
2167
2557
2159
2168
2558
2169
2559
2161
2170
2560
2162
2171
2561
2163
2172
2562
2164
2173
2563
2165
2174
2564
2166
2175
2565
2167
2176
2566
2168
2177
2567
2169
2178
2568
2179
2569
2171
2180
2570
2172
2181
2571
2173
2182
2572
2174
2183
2573
2175
2184
2574
2176
2185
2575
2177
2186
2576
2178
2187
2577
2179
2188
2578
2189
2579
2181
2190
2580
2182
2191
2581
2183
2192
2582
2184
2193
2583
2185
2194
2584
2186
2195
2585
2187
2196
2586
2188
2197
2587
2189
2198
2588
2199
2589
2191
2200
2590
2192
2201
2591
2193
2202
2592
2194
2203
2593
2195
2204
2594
2196
2205
2595
2197
2206
2596
2198
2207
2597
2199
2208
2598
2209
2599
2201
2210
2600
2202
2211
2601
2203
2212
2602
2204
2213
2603
2205
2214
2604
2206
2215
2605
2207
2216
2606
2208
2217
2607
2209
2218
2608
2219
2609
2211
2220
2610
2212
2221
2611
2213
2222
2612
2214
2223
2613
2215
2224
2614
2216
2225
2615
2217
2226
2616
2218
2227
2617
2219
2228
2618
2229
2619
2221
2230
2620
2222
2231
2621
2223
2232
2622
2224
2233
2623
2225
2234
2624
2226
2235
2625
2227
2236
2626
2228
2237
2627
2229
2238
2628
2239
2629
2231
2240
2630
2232
2241
2631
2233
2242
2632
2234
2243
2633
2235
2244
2634
2236
2245
2635
2237
2246
2636
2238
2247
2637
2239
2248
2638
2249
2639
2241
2250
2640
2242
2251
2641
2243
2252
2642
2244
2253
2643
2245
2254
2644
2246
2255
2645
2247
2256
2646
2248
2257
2647
2249
2258
2648
2259
2649
2251
2260
2650
2252
2261
2651
2253
2262
2652
2254
2263
2653
2255
2264
2654
2256
2265
2655
2257
2266
2656
2258
2267
2657
2259
2268
2658
2269
2659
2261
2270
2660
2262
2271
2661
2263
2272
2662
2264
2273
2663
2265
2274
2664
2266
2275
2665
2267
2276
2666
2268
2277
2667
2269
2278
2668
2279
2669
2271
2280
2670
2272
2281
2671
2273
2282
2672
2274
2283
2673
2275
2284
2674
2276
2285
2675
2277
2286
2676
2278
2287
2677
2279
2288
2678
2289
2679
2281
2290
2680
2282
2291
2681
2283
2292
2682
2284
2293
2683
2285
2294
2684
2286
2295
2685
2287
2296
2686
2288
2297
2687
2289
2298
2688
2299
2689
2291
2300
2690
2292
2301
2691
2293
2302
2692
2294
2303
2693
2295
2304
2694
2296
2305
2695
2297
2306
2696
2298
2307
2697
2299
2308
2698
2309
2699
2301
2310
2700
2302
2311
2701
2303
2312
2702
2304
2313
2703
2305
2314
2704
2306
2315
2705
2307
2316
2706
2308
2317
2707
2309
2318
2708
2319
2709
2311
2320
2710
2312
2321
2711
2313
2322
2712
2314
2323
2713
2315
2324
2714
2316
2325
2715
2317
2326
2716
2318
2327
2717
2319
2328
2718
2329
2719
2321
2330
2720
2322
2331
2721
2323
2332
2722
2324
2333
2723
2325
2334
2724
2326
2335
2725
2327
2336
2726
2328
2337
2727
2329
2338
2728
2339
2729
2331
2340
2730
2332
2341
2731
2333
2342
2732
2334
2343
2733
2335
2344
2734
2336
2345
2735
2337
2346
2736
2338
2347
2737
2339
2348
2738
2349
2739
2341
2350
2740
2342
2351
2741
2343
2352
2742
2344
2353
2743
2345
2354
2744
2346
2355
2745
2347
2356
2746
2348
2357
2747
2349
2358
2748
2359
2749
2351
2360
2750
2352
2361
2751
2353
2362
2752
2354
2363
2753
2355
2364
2754
2356
2365
2755
2357
2366
2756
2358
2367
2757
2359
2368
2758
2369
2759
2361
2370
2760
2362
2371
2761
2363
2372
2762
2364
2373
2763
2365
2374
2764
2366
2375
2765
2367
2376
2766
2368
2377
2767
2369
2378
2768
2379
2769
2371
2380
2770
2372
2381
2771
2373
2382
2772
2374
2383
2773
2375
2384
2774
2376
2385
2775
2377
2386
2776
2378
2387
2777
2379
2388
2778
2389
2779
2381
2390
2780
2382
2391
2781
2383
2392
2782
2384
2393
2783
2385
2394
2784
2386
2395
2785
2387
2396
2786
2388
2397
2787
2389
2398
2788
2399
2789
2391
2790
2392
2791
2393
2792
2394
2793
2395
2794
2396
2795
2397
2796
2398
2797
2399
2798
2799
2401
2410
2800
2402
2411
2801
2403
2412
2802
2404
2413
2803
2405
2414
2804
2406
2415
2805
2407
2416
2806
2408
2417
2807
2409
2418
2808
2419
2809
2411
2420
2810
2412
2421
2811
2413
2422
2812
2414
2423
2813
2415
2424
2814
2416
2425
2815
2417
2426
2816
2418
2427
2817
2419
2428
2818
2429
2819
2421
2430
2820
2422
2431
2821
2423
2432
2822
2424
2433
2823
2425
2434
2824
2426
2435
2825
2427
2436
2826
2428
2437
2827
2429
2438
2828
2439
2829
2431
2440
2830
2432
2441
2831
2433
2442
2832
2434
2443
2833
2435
2444
2834
2436
2445
2835
2437
2446
2836
2438
2447
2837
2439
2448
2838
2449
2839
2441
2450
2840
2442
2451
2841
2443
2452
2842
2444
2453
2843
2445
2454
2844
2446
2455
2845
2447
2456
2846
2448
2457
2847
2449
2458
2848
2459
2849
2451
2460
2850
2452
2461
2851
2453
2462
2852
2454
2463
2853
2455
2464
2854
2456
2465
2855
2457
2466
2856
2458
2467
2857
2459
2468
2858
2469
2859
2461
2470
2860
2462
2471
2861
2463
2472
2862
2464
2473
2863
2465
2474
2864
2466
2475
2865
2467
2476
2866
2468
2477
2867
2469
2478
2868
2479
2869
2471
2480
2870
2472
2481
2871
2473
2482
2872
2474
2483
2873
2475
2484
2874
2476
2485
2875
2477
2486
2876
2478
2487
2877
2479
2488
2878
2489
2879
2481
2490
2880
2482
2491
2881
2483
2492
2882
2484
2493
2883
2485
2494
2884
2486
2495
2885
2487
2496
2886
2488
2497
2887
2489
2498
2888
2499
2889
2491
2500
2890
2492
2501
2891
2493
2502
2892
2494
2503
2893
2495
2504
2894
2496
2505
2895
2497
2506
2896
2498
2507
2897
2499
2508
2898
2509
2899
2501
2510
2900
2502
2511
2901
2503
2512
2902
2504
2513
2903
2505
2514
2904
2506
2515
2905
2507
2516
2906
2508
2517
2907
2509
2518
2908
2519
2909
2511
2520
2910
2512
2521
2911
2513
2522
2912
2514
2523
2913
2515
2524
2914
2516
2525
2915
2517
2526
2916
2518
2527
2917
2519
2528
2918
2529
2919
2521
2530
2920
2522
2531
2921
2523
2532
2922
2524
2533
2923
2525
2534
2924
2526
2535
2925
2527
2536
2926
2528
2537
2927
2529
2538
2928
2539
2929
2531
2540
2930
2532
2541
2931
2533
2542
2932
2534
2543
2933
2535
2544
2934
2536
2545
2935
2537
2546
2936
2538
2547
2937
2539
2548
2938
2549
2939
2541
2550
2940
2542
2551
2941
2543
2552
2942
2544
2553
2943
2545
2554
2944
2546
2555
2945
2547
2556
2946
2548
2557
2947
2549
2558
2948
2559
2949
2551
2560
2950
2552
2561
2951
2553
2562
2952
2554
2563
2953
2555
2564
2954
2556
2565
2955
2557
2566
2956
2558
2567
2957
2559
2568
2958
2569
2959
2561
2570
2960
2562
2571
2961
2563
2572
2962
2564
2573
2963
2565
2574
2964
2566
2575
2965
2567
2576
2966
2568
2577
2967
2569
2578
2968
2579
2969
2571
2580
2970
2572
2581
2971
2573
2582
2972
2574
2583
2973
2575
2584
2974
2576
2585
2975
2577
2586
2976
2578
2587
2977
2579
2588
2978
2589
2979
2581
2590
2980
2582
2591
2981
2583
2592
2982
2584
2593
2983
2585
2594
2984
2586
2595
2985
2587
2596
2986
2588
2597
2987
2589
2598
2988
2599
2989
2591
2600
2990
2592
2601
2991
2593
2602
2992
2594
2603
2993
2595
2604
2994
2596
2605
2995
2597
2606
2996
2598
2607
2997
2599
2608
2998
2609
2999
2601
2610
3000
2602
2611
3001
2603
2612
3002
2604
2613
3003
2605
2614
3004
2606
2615
3005
2607
2616
3006
2608
2617
3007
2609
2618
3008
2619
3009
2611
2620
3010
2612
2621
3011
2613
2622
3012
2614
2623
3013
2615
2624
3014
2616
2625
3015
2617
2626
3016
2618
2627
3017
2619
2628
3018
2629
3019
2621
2630
3020
2622
2631
3021
2623
2632
3022
2624
2633
3023
2625
2634
3024
2626
2635
3025
2627
2636
3026
2628
2637
3027
2629
2638
3028
2639
3029
2631
2640
3030
2632
2641
3031
2633
2642
3032
2634
2643
3033
2635
2644
3034
2636
2645
3035
2637
2646
3036
2638
2647
3037
2639
2648
3038
2649
3039
2641
2650
3040
2642
2651
3041
2643
2652
3042
2644
2653
3043
2645
2654
3044
2646
2655
3045
2647
2656
3046
2648
2657
3047
2649
2658
3048
2659
3049
2651
2660
3050
2652
2661
3051
2653
2662
3052
2654
2663
3053
2655
2664
3054
2656
2665
3055
2657
2666
3056
2658
2667
3057
2659
2668
3058
2669
3059
2661
2670
3060
2662
2671
3061
2663
2672
3062
2664
2673
3063
2665
2674
3064
2666
2675
3065
2667
2676
3066
2668
2677
3067
2669
2678
3068
2679
3069
2671
2680
3070
2672
2681
3071
2673
2682
3072
2674
2683
3073
2675
2684
3074
2676
2685
3075
2677
2686
3076
2678
2687
3077
2679
2688
3078
2689
3079
2681
2690
3080
2682
2691
3081
2683
2692
3082
2684
2693
3083
2685
2694
3084
2686
2695
3085
2687
2696
3086
2688
2697
3087
2689
2698
3088
2699
3089
2691
2700
3090
2692
2701
3091
2693
2702
3092
2694
2703
3093
2695
2704
3094
2696
2705
3095
2697
2706
3096
2698
2707
3097
2699
2708
3098
2709
3099
2701
2710
3100
2702
2711
3101
2703
2712
3102
2704
2713
3103
2705
2714
3104
2706
2715
3105
2707
2716
3106
2708
2717
3107
2709
2718
3108
2719
3109
2711
2720
3110
2712
2721
3111
2713
2722
3112
2714
2723
3113
2715
2724
3114
2716
2725
3115
2717
2726
3116
2718
2727
3117
2719
2728
3118
2729
3119
2721
2730
3120
2722
2731
3121
2723
2732
3122
2724
2733
3123
2725
2734
3124
2726
2735
3125
2727
2736
3126
2728
2737
3127
2729
2738
3128
2739
3129
2731
2740
3130
2732
2741
3131
2733
2742
3132
2734
2743
3133
2735
2744
3134
2736
2745
3135
2737
2746
3136
2738
2747
3137
2739
2748
3138
2749
3139
2741
2750
3140
2742
2751
3141
2743
2752
3142
2744
2753
3143
2745
2754
3144
2746
2755
3145
2747
2756
3146
2748
2757
3147
2749
2758
3148
2759
3149
2751
2760
3150
2752
2761
3151
2753
2762
3152
2754
2763
3153
2755
2764
3154
2756
2765
3155
2757
2766
3156
2758
2767
3157
2759
2768
3158
2769
3159
2761
2770
3160
2762
2771
3161
2763
2772
3162
2764
2773
3163
2765
2774
3164
2766
2775
3165
2767
2776
3166
2768
2777
3167
2769
2778
3168
2779
3169
2771
2780
3170
2772
2781
3171
2773
2782
3172
2774
2783
3173
2775
2784
3174
2776
2785
3175
2777
2786
3176
2778
2787
3177
2779
2788
3178
2789
3179
2781
2790
3180
2782
2791
3181
2783
2792
3182
2784
2793
3183
2785
2794
3184
2786
2795
3185
2787
2796
3186
2788
2797
3187
2789
2798
3188
2799
3189
2791
3190
2792
3191
2793
3192
2794
3193
2795
3194
2796
3195
2797
3196
2798
3197
2799
3198
3199
2801
2810
3200
2802
2811
3201
2803
2812
3202
2804
2813
3203
2805
2814
3204
2806
2815
3205
2807
2816
3206
2808
2817
3207
2809
2818
3208
2819
3209
2811
2820
3210
2812
2821
3211
2813
2822
3212
2814
2823
3213
2815
2824
3214
2816
2825
3215
2817
2826
3216
2818
2827
3217
2819
2828
3218
2829
3219
2821
2830
3220
2822
2831
3221
2823
2832
3222
2824
2833
3223
2825
2834
3224
2826
2835
3225
2827
2836
3226
2828
2837
3227
2829
2838
3228
2839
3229
2831
2840
3230
2832
2841
3231
2833
2842
3232
2834
2843
3233
2835
2844
3234
2836
2845
3235
2837
2846
3236
2838
2847
3237
2839
2848
3238
2849
3239
2841
2850
3240
2842
2851
3241
2843
2852
3242
2844
2853
3243
2845
2854
3244
2846
2855
3245
2847
2856
3246
2848
2857
3247
2849
2858
3248
2859
3249
2851
2860
3250
2852
2861
3251
2853
2862
3252
2854
2863
3253
2855
2864
3254
2856
2865
3255
2857
2866
3256
2858
2867
3257
2859
2868
3258
2869
3259
2861
2870
3260
2862
2871
3261
2863
2872
3262
2864
2873
3263
2865
2874
3264
2866
2875
3265
2867
2876
3266
2868
2877
3267
2869
2878
3268
2879
3269
2871
2880
3270
2872
2881
3271
2873
2882
3272
2874
2883
3273
2875
2884
3274
2876
2885
3275
2877
2886
3276
2878
2887
3277
2879
2888
3278
2889
3279
2881
2890
3280
2882
2891
3281
2883
2892
3282
2884
2893
3283
2885
2894
3284
2886
2895
3285
2887
2896
3286
2888
2897
3287
2889
2898
3288
2899
3289
2891
2900
3290
2892
2901
3291
2893
2902
3292
2894
2903
3293
2895
2904
3294
2896
2905
3295
2897
2906
3296
2898
2907
3297
2899
2908
3298
2909
3299
2901
2910
3300
2902
2911
3301
2903
2912
3302
2904
2913
3303
2905
2914
3304
2906
2915
3305
2907
2916
3306
2908
2917
3307
2909
2918
3308
2919
3309
2911
2920
3310
2912
2921
3311
2913
2922
3312
2914
2923
3313
2915
2924
3314
2916
2925
3315
2917
2926
3316
2918
2927
3317
2919
2928
3318
2929
3319
2921
2930
3320
2922
2931
3321
2923
2932
3322
2924
2933
3323
2925
2934
3324
2926
2935
3325
2927
2936
3326
2928
2937
3327
2929
2938
3328
2939
3329
2931
2940
3330
2932
2941
3331
2933
2942
3332
2934
2943
3333
2935
2944
3334
2936
2945
3335
2937
2946
3336
2938
2947
3337
2939
2948
3338
2949
3339
2941
2950
3340
2942
2951
3341
2943
2952
3342
2944
2953
3343
2945
2954
3344
2946
2955
3345
2947
2956
3346
2948
2957
3347
2949
2958
3348
2959
3349
2951
2960
3350
2952
2961
3351
2953
2962
3352
2954
2963
3353
2955
2964
3354
2956
2965
3355
2957
2966
3356
2958
2967
3357
2959
2968
3358
2969
3359
2961
2970
3360
2962
2971
3361
2963
2972
3362
2964
2973
3363
2965
2974
3364
2966
2975
3365
2967
2976
3366
2968
2977
3367
2969
2978
3368
2979
3369
2971
2980
3370
2972
2981
3371
2973
2982
3372
2974
2983
3373
2975
2984
3374
2976
2985
3375
2977
2986
3376
2978
2987
3377
2979
2988
3378
2989
3379
2981
2990
3380
2982
2991
3381
2983
2992
3382
2984
2993
3383
2985
2994
3384
2986
2995
3385
2987
2996
3386
2988
2997
3387
2989
2998
3388
2999
3389
2991
3000
3390
2992
3001
3391
2993
3002
3392
2994
3003
3393
2995
3004
3394
2996
3005
3395
2997
3006
3396
2998
3007
3397
2999
3008
3398
3009
3399
3001
3010
3400
3002
3011
3401
3003
3012
3402
3004
3013
3403
3005
3014
3404
3006
3015
3405
3007
3016
3406
3008
3017
3407
3009
3018
3408
3019
3409
3011
3020
3410
3012
3021
3411
3013
3022
3412
3014
3023
3413
3015
3024
3414
3016
3025
3415
3017
3026
3416
3018
3027
3417
3019
3028
3418
3029
3419
3021
3030
3420
3022
3031
3421
3023
3032
3422
3024
3033
3423
3025
3034
3424
3026
3035
3425
3027
3036
3426
3028
3037
3427
3029
3038
3428
3039
3429
3031
3040
3430
3032
3041
3431
3033
3042
3432
3034
3043
3433
3035
3044
3434
3036
3045
3435
3037
3046
3436
3038
3047
3437
3039
3048
3438
3049
3439
3041
3050
3440
3042
3051
3441
3043
3052
3442
3044
3053
3443
3045
3054
3444
3046
3055
3445
3047
3056
3446
3048
3057
3447
3049
3058
3448
3059
3449
3051
3060
3450
3052
3061
3451
3053
3062
3452
3054
3063
3453
3055
3064
3454
3056
3065
3455
3057
3066
3456
3058
3067
3457
3059
3068
3458
3069
3459
3061
3070
3460
3062
3071
3461
3063
3072
3462
3064
3073
3463
3065
3074
3464
3066
3075
3465
3067
3076
3466
3068
3077
3467
3069
3078
3468
3079
3469
3071
3080
3470
3072
3081
3471
3073
3082
3472
3074
3083
3473
3075
3084
3474
3076
3085
3475
3077
3086
3476
3078
3087
3477
3079
3088
3478
3089
3479
3081
3090
3480
3082
3091
3481
3083
3092
3482
3084
3093
3483
3085
3094
3484
3086
3095
3485
3087
3096
3486
3088
3097
3487
3089
3098
3488
3099
3489
3091
3100
3490
3092
3101
3491
3093
3102
3492
3094
3103
3493
3095
3104
3494
3096
3105
3495
3097
3106
3496
3098
3107
3497
3099
3108
3498
3109
3499
3101
3110
3500
3102
3111
3501
3103
3112
3502
3104
3113
3503
3105
3114
3504
3106
3115
3505
3107
3116
3506
3108
3117
3507
3109
3118
3508
3119
3509
3111
3120
3510
3112
3121
3511
3113
3122
3512
3114
3123
3513
3115
3124
3514
3116
3125
3515
3117
3126
3516
3118
3127
3517
3119
3128
3518
3129
3519
3121
3130
3520
3122
3131
3521
3123
3132
3522
3124
3133
3523
3125
3134
3524
3126
3135
3525
3127
3136
3526
3128
3137
3527
3129
3138
3528
3139
3529
3131
3140
3530
3132
3141
3531
3133
3142
3532
3134
3143
3533
3135
3144
3534
3136
3145
3535
3137
3146
3536
3138
3147
3537
3139
3148
3538
3149
3539
3141
3150
3540
3142
3151
3541
3143
3152
3542
3144
3153
3543
3145
3154
3544
3146
3155
3545
3147
3156
3546
3148
3157
3547
3149
3158
3548
3159
3549
3151
3160
3550
3152
3161
3551
3153
3162
3552
3154
3163
3553
3155
3164
3554
3156
3165
3555
3157
3166
3556
3158
3167
3557
3159
3168
3558
3169
3559
3161
3170
3560
3162
3171
3561
3163
3172
3562
3164
3173
3563
3165
3174
3564
3166
3175
3565
3167
3176
3566
3168
3177
3567
3169
3178
3568
3179
3569
3171
3180
3570
3172
3181
3571
3173
3182
3572
3174
3183
3573
3175
3184
3574
3176
3185
3575
3177
3186
3576
3178
3187
3577
3179
3188
3578
3189
3579
3181
3190
3580
3182
3191
3581
3183
3192
3582
3184
3193
3583
3185
3194
3584
3186
3195
3585
3187
3196
3586
3188
3197
3587
3189
3198
3588
3199
3589
3191
3590
3192
3591
3193
3592
3194
3593
3195
3594
3196
3595
3197
3596
3198
3597
3199
3598
3599
3201
3210
3600
3202
3211
3601
3203
3212
3602
3204
3213
3603
3205
3214
3604
3206
3215
3605
3207
3216
3606
3208
3217
3607
3209
3218
3608
3219
3609
3211
3220
3610
3212
3221
3611
3213
3222
3612
3214
3223
3613
3215
3224
3614
3216
3225
3615
3217
3226
3616
3218
3227
3617
3219
3228
3618
3229
3619
3221
3230
3620
3222
3231
3621
3223
3232
3622
3224
3233
3623
3225
3234
3624
3226
3235
3625
3227
3236
3626
3228
3237
3627
3229
3238
3628
3239
3629
3231
3240
3630
3232
3241
3631
3233
3242
3632
3234
3243
3633
3235
3244
3634
3236
3245
3635
3237
3246
3636
3238
3247
3637
3239
3248
3638
3249
3639
3241
3250
3640
3242
3251
3641
3243
3252
3642
3244
3253
3643
3245
3254
3644
3246
3255
3645
3247
3256
3646
3248
3257
3647
3249
3258
3648
3259
3649
3251
3260
3650
3252
3261
3651
3253
3262
3652
3254
3263
3653
3255
3264
3654
3256
3265
3655
3257
3266
3656
3258
3267
3657
3259
3268
3658
3269
3659
3261
3270
3660
3262
3271
3661
3263
3272
3662
3264
3273
3663
3265
3274
3664
3266
3275
3665
3267
3276
3666
3268
3277
3667
3269
3278
3668
3279
3669
3271
3280
3670
3272
3281
3671
3273
3282
3672
3274
3283
3673
3275
3284
3674
3276
3285
3675
3277
3286
3676
3278
3287
3677
3279
3288
3678
3289
3679
3281
3290
3680
3282
3291
3681
3283
3292
3682
3284
3293
3683
3285
3294
3684
3286
3295
3685
3287
3296
3686
3288
3297
3687
3289
3298
3688
3299
3689
3291
3300
3690
3292
3301
3691
3293
3302
3692
3294
3303
3693
3295
3304
3694
3296
3305
3695
3297
3306
3696
3298
3307
3697
3299
3308
3698
3309
3699
3301
3310
3700
3302
3311
3701
3303
3312
3702
3304
3313
3703
3305
3314
3704
3306
3315
3705
3307
3316
3706
3308
3317
3707
3309
3318
3708
3319
3709
3311
3320
3710
3312
3321
3711
3313
3322
3712
3314
3323
3713
3315
3324
3714
3316
3325
3715
3317
3326
3716
3318
3327
3717
3319
3328
3718
3329
3719
3321
3330
3720
3322
3331
3721
3323
3332
3722
3324
3333
3723
3325
3334
3724
3326
3335
3725
3327
3336
3726
3328
3337
3727
3329
3338
3728
3339
3729
3331
3340
3730
3332
3341
3731
3333
3342
3732
3334
3343
3733
3335
3344
3734
3336
3345
3735
3337
3346
3736
3338
3347
3737
3339
3348
3738
3349
3739
3341
3350
3740
3342
3351
3741
3343
3352
3742
3344
3353
3743
3345
3354
3744
3346
3355
3745
3347
3356
3746
3348
3357
3747
3349
3358
3748
3359
3749
3351
3360
3750
3352
3361
3751
3353
3362
3752
3354
3363
3753
3355
3364
3754
3356
3365
3755
3357
3366
3756
3358
3367
3757
3359
3368
3758
3369
3759
3361
3370
3760
3362
3371
3761
3363
3372
3762
3364
3373
3763
3365
3374
3764
3366
3375
3765
3367
3376
3766
3368
3377
3767
3369
3378
3768
3379
3769
3371
3380
3770
3372
3381
3771
3373
3382
3772
3374
3383
3773
3375
3384
3774
3376
3385
3775
3377
3386
3776
3378
3387
3777
3379
3388
3778
3389
3779
3381
3390
3780
3382
3391
3781
3383
3392
3782
3384
3393
3783
3385
3394
3784
3386
3395
3785
3387
3396
3786
3388
3397
3787
3389
3398
3788
3399
3789
3391
3400
3790
3392
3401
3791
3393
3402
3792
3394
3403
3793
3395
3404
3794
3396
3405
3795
3397
3406
3796
3398
3407
3797
3399
3408
3798
3409
3799
3401
3410
3800
3402
3411
3801
3403
3412
3802
3404
3413
3803
3405
3414
3804
3406
3415
3805
3407
3416
3806
3408
3417
3807
3409
3418
3808
3419
3809
3411
3420
3810
3412
3421
3811
3413
3422
3812
3414
3423
3813
3415
3424
3814
3416
3425
3815
3417
3426
3816
3418
3427
3817
3419
3428
3818
3429
3819
3421
3430
3820
3422
3431
3821
3423
3432
3822
3424
3433
3823
3425
3434
3824
3426
3435
3825
3427
3436
3826
3428
3437
3827
3429
3438
3828
3439
3829
3431
3440
3830
3432
3441
3831
3433
3442
3832
3434
3443
3833
3435
3444
3834
3436
3445
3835
3437
3446
3836
3438
3447
3837
3439
3448
3838
3449
3839
3441
3450
3840
3442
3451
3841
3443
3452
3842
3444
3453
3843
3445
3454
3844
3446
3455
3845
3447
3456
3846
3448
3457
3847
3449
3458
3848
3459
3849
3451
3460
3850
3452
3461
3851
3453
3462
3852
3454
3463
3853
3455
3464
3854
3456
3465
3855
3457
3466
3856
3458
3467
3857
3459
3468
3858
3469
3859
3461
3470
3860
3462
3471
3861
3463
3472
3862
3464
3473
3863
3465
3474
3864
3466
3475
3865
3467
3476
3866
3468
3477
3867
3469
3478
3868
3479
3869
3471
3480
3870
3472
3481
3871
3473
3482
3872
3474
3483
3873
3475
3484
3874
3476
3485
3875
3477
3486
3876
3478
3487
3877
3479
3488
3878
3489
3879
3481
3490
3880
3482
3491
3881
3483
3492
3882
3484
3493
3883
3485
3494
3884
3486
3495
3885
3487
3496
3886
3488
3497
3887
3489
3498
3888
3499
3889
3491
3500
3890
3492
3501
3891
3493
3502
3892
3494
3503
3893
3495
3504
3894
3496
3505
3895
3497
3506
3896
3498
3507
3897
3499
3508
3898
3509
3899
3501
3510
3900
3502
3511
3901
3503
3512
3902
3504
3513
3903
3505
3514
3904
3506
3515
3905
3507
3516
3906
3508
3517
3907
3509
3518
3908
3519
3909
3511
3520
3910
3512
3521
3911
3513
3522
3912
3514
3523
3913
3515
3524
3914
3516
3525
3915
3517
3526
3916
3518
3527
3917
3519
3528
3918
3529
3919
3521
3530
3920
3522
3531
3921
3523
3532
3922
3524
3533
3923
3525
3534
3924
3526
3535
3925
3527
3536
3926
3528
3537
3927
3529
3538
3928
3539
3929
3531
3540
3930
3532
3541
3931
3533
3542
3932
3534
3543
3933
3535
3544
3934
3536
3545
3935
3537
3546
3936
3538
3547
3937
3539
3548
3938
3549
3939
3541
3550
3940
3542
3551
3941
3543
3552
3942
3544
3553
3943
3545
3554
3944
3546
3555
3945
3547
3556
3946
3548
3557
3947
3549
3558
3948
3559
3949
3551
3560
3950
3552
3561
3951
3553
3562
3952
3554
3563
3953
3555
3564
3954
3556
3565
3955
3557
3566
3956
3558
3567
3957
3559
3568
3958
3569
3959
3561
3570
3960
3562
3571
3961
3563
3572
3962
3564
3573
3963
3565
3574
3964
3566
3575
3965
3567
3576
3966
3568
3577
3967
3569
3578
3968
3579
3969
3571
3580
3970
3572
3581
3971
3573
3582
3972
3574
3583
3973
3575
3584
3974
3576
3585
3975
3577
3586
3976
3578
3587
3977
3579
3588
3978
3589
3979
3581
3590
3980
3582
3591
3981
3583
3592
3982
3584
3593
3983
3585
3594
3984
3586
3595
3985
3587
3596
3986
3588
3597
3987
3589
3598
3988
3599
3989
3591
3990
3592
3991
3593
3992
3594
3993
3595
3994
3596
3995
3597
3996
3598
3997
3599
3998
3999
3601
3610
3602
3611
3603
3612
3604
3613
3605
3614
3606
3615
3607
3616
3608
3617
3609
3618
3619
3611
3620
3612
3621
3613
3622
3614
3623
3615
3624
3616
3625
3617
3626
3618
3627
3619
3628
3629
3621
3630
3622
3631
3623
3632
3624
3633
3625
3634
3626
3635
3627
3636
3628
3637
3629
3638
3639
3631
3640
3632
3641
3633
3642
3634
3643
3635
3644
3636
3645
3637
3646
3638
3647
3639
3648
3649
3641
3650
3642
3651
3643
3652
3644
3653
3645
3654
3646
3655
3647
3656
3648
3657
3649
3658
3659
3651
3660
3652
3661
3653
3662
3654
3663
3655
3664
3656
3665
3657
3666
3658
3667
3659
3668
3669
3661
3670
3662
3671
3663
3672
3664
3673
3665
3674
3666
3675
3667
3676
3668
3677
3669
3678
3679
3671
3680
3672
3681
3673
3682
3674
3683
3675
3684
3676
3685
3677
3686
3678
3687
3679
3688
3689
3681
3690
3682
3691
3683
3692
3684
3693
3685
3694
3686
3695
3687
3696
3688
3697
3689
3698
3699
3691
3700
3692
3701
3693
3702
3694
3703
3695
3704
3696
3705
3697
3706
3698
3707
3699
3708
3709
3701
3710
3702
3711
3703
3712
3704
3713
3705
3714
3706
3715
3707
3716
3708
3717
3709
3718
3719
3711
3720
3712
3721
3713
3722
3714
3723
3715
3724
3716
3725
3717
3726
3718
3727
3719
3728
3729
3721
3730
3722
3731
3723
3732
3724
3733
3725
3734
3726
3735
3727
3736
3728
3737
3729
3738
3739
3731
3740
3732
3741
3733
3742
3734
3743
3735
3744
3736
3745
3737
3746
3738
3747
3739
3748
3749
3741
3750
3742
3751
3743
3752
3744
3753
3745
3754
3746
3755
3747
3756
3748
3757
3749
3758
3759
3751
3760
3752
3761
3753
3762
3754
3763
3755
3764
3756
3765
3757
3766
3758
3767
3759
3768
3769
3761
3770
3762
3771
3763
3772
3764
3773
3765
3774
3766
3775
3767
3776
3768
3777
3769
3778
3779
3771
3780
3772
3781
3773
3782
3774
3783
3775
3784
3776
3785
3777
3786
3778
3787
3779
3788
3789
3781
3790
3782
3791
3783
3792
3784
3793
3785
3794
3786
3795
3787
3796
3788
3797
3789
3798
3799
3791
3800
3792
3801
3793
3802
3794
3803
3795
3804
3796
3805
3797
3806
3798
3807
3799
3808
3809
3801
3810
3802
3811
3803
3812
3804
3813
3805
3814
3806
3815
3807
3816
3808
3817
3809
3818
3819
3811
3820
3812
3821
3813
3822
3814
3823
3815
3824
3816
3825
3817
3826
3818
3827
3819
3828
3829
3821
3830
3822
3831
3823
3832
3824
3833
3825
3834
3826
3835
3827
3836
3828
3837
3829
3838
3839
3831
3840
3832
3841
3833
3842
3834
3843
3835
3844
3836
3845
3837
3846
3838
3847
3839
3848
3849
3841
3850
3842
3851
3843
3852
3844
3853
3845
3854
3846
3855
3847
3856
3848
3857
3849
3858
3859
3851
3860
3852
3861
3853
3862
3854
3863
3855
3864
3856
3865
3857
3866
3858
3867
3859
3868
3869
3861
3870
3862
3871
3863
3872
3864
3873
3865
3874
3866
3875
3867
3876
3868
3877
3869
3878
3879
3871
3880
3872
3881
3873
3882
3874
3883
3875
3884
3876
3885
3877
3886
3878
3887
3879
3888
3889
3881
3890
3882
3891
3883
3892
3884
3893
3885
3894
3886
3895
3887
3896
3888
3897
3889
3898
3899
3891
3900
3892
3901
3893
3902
3894
3903
3895
3904
3896
3905
3897
3906
3898
3907
3899
3908
3909
3901
3910
3902
3911
3903
3912
3904
3913
3905
3914
3906
3915
3907
3916
3908
3917
3909
3918
3919
3911
3920
3912
3921
3913
3922
3914
3923
3915
3924
3916
3925
3917
3926
3918
3927
3919
3928
3929
3921
3930
3922
3931
3923
3932
3924
3933
3925
3934
3926
3935
3927
3936
3928
3937
3929
3938
3939
3931
3940
3932
3941
3933
3942
3934
3943
3935
3944
3936
3945
3937
3946
3938
3947
3939
3948
3949
3941
3950
3942
3951
3943
3952
3944
3953
3945
3954
3946
3955
3947
3956
3948
3957
3949
3958
3959
3951
3960
3952
3961
3953
3962
3954
3963
3955
3964
3956
3965
3957
3966
3958
3967
3959
3968
3969
3961
3970
3962
3971
3963
3972
3964
3973
3965
3974
3966
3975
3967
3976
3968
3977
3969
3978
3979
3971
3980
3972
3981
3973
3982
3974
3983
3975
3984
3976
3985
3977
3986
3978
3987
3979
3988
3989
3981
3990
3982
3991
3983
3992
3984
3993
3985
3994
3986
3995
3987
3996
3988
3997
3989
3998
3999
3991
3992
3993
3994
3995
3996
3997
3998
3999
)


// ************************************************************************* //
